414,edanius,0.11455026455,0.480323706643
828,CNothing,0.0876262626263,0.44696969697
1141,Torchie,0.0,0.0
5358,OldPathWhiteClouds,0.0854880952381,0.463837632275
4449,Psyhence,0.162474885129,0.427410743293
2187,shapeofthings,0.110553248834,0.422346074065
15,pax,0.105890363976,0.584647101163
4785,Inguz,0.140893449592,0.451157286661
8266,isuma,0.466666666667,0.666666666667
3258,cherrysidecar,0.185847531455,0.411183499714
8095,Bain,0.0,0.0
7304,Chakram,0.0845192837466,0.532800306091
2173,KazeCraven,0.137277038869,0.434783968332
5982,Fetornado,0.219659059388,0.550772361428
1943,Pa3s,0.100286090249,0.429006726794
1940,Ozz,0.0822168109668,0.42203430208
5986,pumainfp,0.106832251082,0.353254329004
5987,carrina,0.0873334425311,0.483901221158
3256,Destroypuppy,0.0603440829801,0.420130789266
1945,Zee,0.414814814815,0.762962962963
344,DeleteMePLOX,0.0,0.0
345,kopernikus,0.0762685590765,0.529196549832
347,FDG,0.0937285444886,0.440444187184
342,niveK,0.0822975513602,0.447293403393
7510,Bruh,0.00357142857143,0.563095238095
810,Rocket,0.122753070505,0.450875816013
814,SlavaPHP,0.0227874991748,0.275866279508
3494,Cozzine,0.037619047619,0.513968253968
918,DivingStar,0.0555779220779,0.453837662338
2910,Zero11,0.0388306510876,0.357582671958
595,The_Guru_Chan,0.3,0.3
1399,zeldafan,0.0,0.0
454,mimi_infp,0.130745341615,0.587795031056
2490,Kierva,0.0660865179405,0.418135307153
2918,wolfy,0.327083333333,0.614583333333
716,sara,0.178781885071,0.571144179894
35,love,0.0264717907445,0.301091517996
1796,Airman,0.122508055195,0.487946917129
Creepy,2239,0.0642239932696,0.450235795348
1266,borromean-ring,0.0439235374491,0.439287373878
1327,ponttor,0.3,0.5
478,Jeremy1988,0.0987824675325,0.546662457912
1493,Ephemeral,0.0431987238289,0.355065688577
1494,sunnycalih,0.332142857143,0.49880952381
1495,Maritsa,0.118270422169,0.405928798296
7043,Velvet,0.0456280438312,0.415007553211
1497,Ellis,0.147008547009,0.530443630444
7731,Lily,0.7,0.8
1068,munenori2,0.117911023526,0.412692732688
1567,momoking,0.5,0.5
2318,Igxfl,0.0693696590581,0.519182638393
1707,Marie84,0.106350786273,0.452380829261
911,Hashish,0.0612080644044,0.53686753665
6048,danii92,0.212121212121,0.518181818182
2313,Diaphanous,0.0870219441053,0.528133846606
1657,Cyrano,0.126289421267,0.294767043142
913,claire,-0.1875,0.5
299,BigEars,0.0890711586222,0.515621835459
297,blackapple,-0.0124503968254,0.337748015873
1665,stanprollyright,0.0843149625266,0.363550169396
426,BlendieOfIndie,0.129941653269,0.454754729377
1663,greed,0.140322354611,0.423716709266
5910,ThisIsKade,0.5,1.0
291,ScarlettLux,0.134680057643,0.498178714965
591,consentingadult,0.0744241575914,0.490148014924
802,vigilante,0.179594104308,0.462988095238
8231,nokomis,-0.0208333333333,0.129166666667
1083,Binky,0.100252525253,0.328114478114
1082,Lobo,0.114146741101,0.52283253451
6989,Alstroemeria,0.0690476190476,0.636904761905
587,Benny,-0.170964648574,0.519385342565
1120,Khola,0.0934009571622,0.390004800004
1121,Wittmont,0.103579801336,0.459161451841
1123,HKitty,0.354166666667,0.695833333333
1124,Dioklecian2,-0.0408964646465,0.407919472503
270,Darklord,0.0882596928127,0.454133026029
272,Tin,0.0,0.1
273,detail,0.114697525773,0.406894802606
274,Artemis,0.129556053819,0.440752662152
1180,lkjhgfdsa,0.0276440997274,0.500236425098
6119,RedMarquee,0.0854913425488,0.490640744039
108,Eidos,0.140372959196,0.423669553149
2262,yelloaa,0.0427083333333,0.488541666667
2119,positivelyambrosial,0.0454389880952,0.514345238095
2541,InkStrider,0.0580172470033,0.431978071855
2546,Reuben,0.113478154863,0.468750730938
1455,Rooster_Ferret,0.037125,0.260533730159
7630,indo,0.0625,0.466666666667
2986,martynas0708,0.1,0.63125
525,Five,0.198326579438,0.475645488926
1409,somavision,0.134342591549,0.427197397543
2382,Sumer1an,0.0775704516357,0.463661829494
2385,woofwoofl,0.10505703189,0.440058880836
522,cracka,0.101290643228,0.428886668263
1014,mm,0.121176233686,0.505453248202
2263,Hugo,0.102726467535,0.377979611994
1016,Birds,0.0682066155092,0.461812648244
1407,ann2430,0.102890512266,0.59370139891
1011,Jgib5328,-0.25,0.25
1012,Sabo,0.139849529262,0.493480875632
1100,FlameReborn,0.00744597333883,0.58663985273
2524,Codie,0.11399140578,0.453356621721
443,_Michael_Jackson_,0.0,0.0
441,dreamer,0.06803485707,0.517185803859
2760,PistolShrimp,0.0703753892136,0.405299660319
1238,thePirate,0.0641184633034,0.422240192126
1948,Sanat,0.0,0.0
1333,hoodrat,0.233907881334,0.40306036556
6930,Mallan,0.0742914674176,0.533638372147
7864,Kissum,0.163950609043,0.507744968847
102,Kim,0.0932881499762,0.409982669263
100,Imoen,0.09,0.335
589,SLeo123083,0.181101551274,0.50410290915
106,Drew,0.0679487179487,0.632600732601
7905,sergeyeva,0.033854016354,0.319110349527
104,rainbow,0.0774418591787,0.406191128247
105,Kristiina,0.127329136906,0.508922203263
2047,HERO,0.0958471355635,0.525227960386
900,Garmonbozia,0.049719783817,0.446433348031
901,Bullets,0.112353818089,0.511623381986
2042,Bluenoir,0.0189105059408,0.429663501862
1540,octo,0.0953006488247,0.465336856636
904,nerv_damage,0.211091269841,0.383027630805
33,alexia,0.254848484848,0.660303030303
1842,ryanmat25,0.150296092796,0.485481277981
1841,JohnDo,0.099599206986,0.457179315032
30,Michaelus,0.119841269841,0.475396825397
36,Moniker04,0.235976087405,0.491606609203
6505,Kpz,0.0488921957672,0.406415343915
6504,Cerelict,0.0404061916877,0.436287555592
1536,MasterfulMischief,0.115340347559,0.434484363515
643,Austy,0.0427721088435,0.363010204082
3262,squirreltual,0.0599931943505,0.367974710119
644,mikemex,0.0919523352401,0.437843419243
6071,gabrielle,0.134138853159,0.449060988459
2487,goggles,0.0139109347443,0.266732804233
2164,Clarity,0.182936507937,0.544312169312
434,ItsBright,0.206666666667,0.48
4951,rahmyn,0.0312862430647,0.392692330023
432,Tov,0.0562758014085,0.486693007054
433,meatburger,0.153871540653,0.532414193755
2461,unbornesia,0.0891534391534,0.62619047619
1538,3RainbowSprinkles,0.164410436502,0.556702677519
2613,Reset,0.154166666667,0.5375
2610,samhclayton,-0.169696969697,0.467424242424
2530,domino,-0.05,0.0
334,HumanBean,0.35,0.3
331,maze,0.351708127736,0.779949860013
3800,Darkworker,0.194737103175,0.499618055556
3803,chriscorey,0.078352226476,0.424217132564
332,Linas,0.12244792464,0.420289568819
7343,cldwlker,-0.0791666666667,0.533333333333
1907,AngelMaybe,0.039886964887,0.261375661376
1905,Nowisthetime,0.0798234999042,0.432341382718
3291,shadeseeker,0.093476984127,0.441908730159
3518,MensSuperMateriam,0.10901231086,0.470913953983
5707,Krypteia,0.183333333333,0.748148148148
7263,OSG,-0.00509051365301,0.604673740611
2684,uncivilized,0.0304679112807,0.488033487861
5340,serenity,0.10244498557,0.552549603175
377,whoever,0.127926434676,0.405327838828
6208,Tranquility,0.1,0.166666666667
7556,summerprincess,0.092357773437,0.471201166691
7554,nondescript,0.114431610426,0.497982285983
99,Smilingeyes,0.0904700733988,0.442804054182
98,Forest-Dragon,0.0511930212928,0.482121375204
1464,ZTCrawcrustle,0.0582949975033,0.507504394721
91,VivPhilos,0.156432119176,0.497778541185
6420,Spider,0.0371496212121,0.491872519841
6619,Blue,0.0541666666667,0.220238095238
94,discojoe,0.0609366614186,0.40155155036
97,Herzy,0.105329123262,0.397578857107
1623,Kritik,0.015148046398,0.333672669923
1990,Pookie,0.0734962571613,0.432775340157
1621,JWC3,0.0859894403225,0.451406402926
1620,gracefully,0.231470588235,0.477352941176
1626,pumpkin,0.45703125,0.6
1624,BlackCat,0.137357686175,0.45081490029
1998,tigerfacegirl,0.0538386769481,0.544796266234
1629,silverchris9,0.111777248311,0.492873602569
1628,Rastermind,-0.152727272727,0.404242424242
349,philonightmare,0.408333333333,0.591666666667
3060,Anna1921,0.116258406721,0.514447707036
5792,TheWholeEnglish,-0.0529751597609,0.476248711606
5813,olivetti,0.110944270511,0.540224193465
427,porntips,0.117425376643,0.395247301888
747,ISFPman,-0.15845959596,0.669703282828
743,drd252,0.0645694581997,0.435217005642
559,sociotest,0.05,0.45
1569,jimbo,0.235501760145,0.44076280862
7394,Enoch,0.217634379509,0.448944203944
748,boblikesoup,0.329166666667,0.243981481481
551,thursday,0.0746325499897,0.372404861295
561,Fairy-Wilbury,0.106749526515,0.608553633866
3631,esq,0.116936327561,0.445961737915
6890,Fragment,0.130241596639,0.491800920368
2467,InvisibleJim,0.0926246512154,0.399340169685
3067,Corwin,-0.25,1.0
239,Elro,0.0760984212435,0.379319850071
309,joseph2505,0.0449074074074,0.175462962963
236,Joy,0.106944463299,0.408324717528
230,Megan,0.124022786418,0.464345990097
5060,pureheart,0.0,0.0
2345,SakuraSmiles,0.208534798535,0.417646520147
5354,matthewbe,0.1235,0.4265
1054,guynoir,0.0881655092593,0.543812003968
1963,twitch,0.0802740503641,0.518824266148
2228,lemon,0.16124960092,0.454511841631
1057,tiny_dancer,0.0861556685624,0.490081670749
6107,Contra,0.0845843407795,0.454621624882
3343,Ningyo,0.165176313755,0.609460376184
2225,InnocentBystander,-0.25,0.0
1066,RSV3,0.198284854283,0.459254472953
2221,Clumsy,0.136159912313,0.371164773531
1322,kensi,0.0929734962652,0.409593906587
5925,Dedication,-0.0783333333333,0.548333333333
5926,aisa,0.138046197847,0.477028135546
1693,matilda,0.0538995200202,0.319684978176
5922,sushi,-0.0111111111111,0.465277777778
1758,Morcheeba,0.0942567261429,0.519736499948
1757,garance,-0.00892857142857,0.355357142857
277,Koer,0.4625,0.95
1750,Galen,0.0833330221753,0.421501928975
146,Peter77,0.4875,0.769444444444
1279,Wynch,0.11394238928,0.462803323629
1175,iAnnAu,0.0593880244275,0.46077722928
4315,Narc,0.0302676655635,0.344130717549
140,Expat,0.125732760828,0.458366688471
613,Mastermind,0.198935382023,0.419274888196
1272,CelestialFire,0.0223665223665,0.598713323713
611,uninspired,0.0596647711858,0.483065367203
616,Prateek,0.165769230769,0.534719169719
1276,dattebayo,0.134527749236,0.495000063236
2469,echidna1000,0.071616027047,0.457275249268
4505,lunarpine,0.0905303030303,0.689356060606
615,maxtheax,0.0,0.0
154,alex,0.152494855967,0.439179159318
2376,Aquagraph,0.108960516833,0.461722849299
1880,kalinoche,0.064073745162,0.325148893997
2121,goldenbane,0.0942991172599,0.44486805426
2120,Crayon,0.111381359045,0.474910783156
2123,humblepie,0.079184027392,0.496466154917
512,IAWo6N,0.0,0.275
1281,Lucy,0.2,0.2
2343,VILEvenezuelan,0.0974801587302,0.503022486772
1283,Cheesy,0.109388405659,0.53833831245
949,Marina,0.1125,0.35
947,Nostros,0.379285714286,0.727678571429
1813,energystar,0.0,0.0
2086,lungs,0.125646975986,0.466712672583
943,Sorc,0.0511889952419,0.536078121876
2084,Words,0.101516115576,0.436758350293
6415,SisOfNight,0.110706668794,0.411747573855
1579,717495,0.118387283439,0.419257744304
1471,sexylexy,0.75,0.45
688,Search,-0.355,0.665
1474,ArchonAlarion,0.102474967241,0.421500088115
1571,CILi,0.113307489069,0.380266709081
1570,Absurd,0.0697255965208,0.3397535187
1574,wilma,0.139633890415,0.604132326007
1306,Mattie,0.128588732383,0.460709435214
1307,reckoner,0.203908719218,0.493948343957
7128,Kimumu,0.0966921966922,0.450007076257
5178,malna,0.164370974858,0.473296055796
1308,calenwen,0.0963372885853,0.454347218344
132,NeonMonk,0.0791826364692,0.335574912892
7388,Dudette88,0.04125,0.285694444444
5079,psevdonim,0.0740554233124,0.372466402458
5745,Whoobie77,0.0664233067097,0.377327352871
129,ivormcguivor,0.137611447844,0.438863431883
7382,Mactheknife,0.0833333333333,0.272222222222
139,Koneko,0.125309822757,0.515272851795
497,April,0.134358463746,0.455572584147
8541,Chae,0.176024790889,0.477098846483
491,MAGNUS,-0.132005984212,0.640533486122
24,Malyshka,0.162757464351,0.49216633082
1833,nanashi,0.120414630675,0.538822458586
1830,MOP,0.038677827381,0.386644345238
6478,SpreeFirit,0.0,0.5
3799,SyrupDeGem,0.164067332112,0.477613262064
1837,hotasphyxiation,0.189398148148,0.528101851852
6575,May,0.190940060164,0.51239604668
28,trey,0.0421878942291,0.407796312694
5589,ConcreteButterfly,0.124702089167,0.471084423168
1503,forgetmenot,0.0662867639691,0.445291794432
406,leckysupport,0.0819651093709,0.405615957191
939,Lotus,0.0791084745238,0.40556788796
404,XoX,0.128138728824,0.470180899336
2019,Veronica,0.0979166666667,0.364583333333
2151,blackburry,0.0697972211032,0.445800303489
401,NyanNyanKoneko,0.283333333333,0.666666666667
1379,Robot,0.0899036552787,0.437467269217
2014,peteronfireee,0.131546820742,0.470712466913
8499,Tigerfadder,0.175729166667,0.400509551043
2016,Aleksei,0.0828141080047,0.401894218643
4866,Phantimo,0.356423902894,0.469472455649
936,leftylib,0.107810592186,0.550337047212
408,Rick,0.123579867978,0.449457147134
3834,alklonth,0.0547997280497,0.319658378658
2183,Pulsar41,-0.1,0.263333333333
5383,grandoak,0.205150462963,0.519427910053
907,bumblebee,0.0,0.0
3935,franktheplank,0.232699004457,0.465887620073
1344,Demo,0.138202511774,0.506671608814
5033,Name13,-0.0298611111111,0.846296296296
1954,ClownsandEntropy,0.109459631965,0.474999857374
1953,solid207,-0.0816666666667,0.323333333333
3248,griggerplease,0.146700036075,0.38281475469
3243,Gravolez,0.0383163658839,0.532623323623
3034,rat1,0.0439855882098,0.426493260462
3245,Valkyrie,-0.0450757575758,0.221590909091
379,felafel,-0.0628552286716,0.391517233396
378,Apex,0.197023809524,0.494047619048
5696,Nathan,-0.0170138888889,0.585110294118
2039,Vois,0.0476593655098,0.294860080257
824,Apres,-0.0280470571096,0.474927884615
373,Fermi,0.0565542646528,0.405734205687
372,Raver,0.128138678857,0.48124605606
821,Hector,0.383333333333,0.554166666667
820,jas05,0.107880742659,0.424218150181
823,Gilly,0.0902965657845,0.410464665962
5611,DarkWhite,0.145833333333,0.365476190476
319,Dragonfly,0.5,0.888888888889
709,Luke,0.137980364693,0.467515237338
2904,Revan,0.132922570582,0.505317443314
178,implied,0.0803208713293,0.335490830733
6974,Alomoes,0.0943695042426,0.458204848618
6143,dandelion,0.0713541666667,0.6015625
177,Lychee,0.0345520421607,0.542951251647
397,Polly_G,0.103012476397,0.498024598453
7035,purpleowl,0.0,1.0
598,excess,-0.258333333333,0.840740740741
394,Rylix,0.261111111111,0.593333333333
8175,HotSauce,0.0766112843285,0.510901974679
6392,Erlaad,0.0769965277778,0.550972222222
399,frankie,-0.0861111111111,0.534920634921
81,fever,0.0377921470055,0.365832581183
7135,Taldoria,0.0974225875535,0.337930985975
1776,adiaphane,0.173258636788,0.401037192655
5492,nigh,0.0395610119048,0.427130456349
8166,Motion,0.03046875,0.2625
796,marmalade,0.185119047619,0.584369047619
5250,PrimroseMind,0.166666666667,0.5
174,RampageAI,0.0385898109244,0.481699589558
793,WhiteKnight,0.11746031746,0.530158730159
792,Jarno,0.122464207174,0.457615887031
791,rpbailey,0.0,0.0
790,Dorian,0.200845754828,0.438432593914
6789,Pink,0.046097031745,0.38659454146
6788,Food,0.282380952381,0.471468253968
7915,Resonare,0.046,0.164
7,Tory,0.193333333333,0.396666666667
5840,Amber,0.0856104976369,0.439144909771
5960,Ainfigur,0.104632553545,0.504056492667
2143,BlazingZulu,0.17956377551,0.476342592593
1879,Zed,-0.0553240740741,0.245524691358
5965,suedehead,0.079723604241,0.347740664503
5849,frog,0.276283240569,0.520638012781
5848,MisterGrey,0.144388415918,0.419476322898
4945,echan,0.0,0.0
2196,KeroZen,0.111011779492,0.450723625064
8206,JustCallMeJust,0.0315124458874,0.64264484127
1132,bibliophile8,0.0681615359456,0.405622709486
5853,Sigh,0.0,0.0
2284,Birdie,0.0781561177424,0.43899905749
1136,xerx,0.0850773405729,0.407247331689
588,JuJu,0.148431565969,0.474864963221
20,signum,0.11,0.491666666667
1179,Cudcat,0.146070927529,0.426407427449
242,snegledmaca,0.0804484516178,0.433104413166
806,benedict,0.171296296296,0.683230452675
7785,helloworld,0.0928125,0.306319444444
294,mimisor,0.134978437968,0.478731002394
2277,sudler,-0.07837995338,0.600641025641
3019,geneiouws,0.0,0.0
2273,Hazel,-0.06731497669,0.579115675991
2579,Jinxi,0.0590038202538,0.31700984201
3399,Iris,0.130268834145,0.474250369206
2577,Snore,0.0,0.0
2793,Haze,0.0491666666667,0.782083333333
2572,aestrivex,0.0447375858492,0.394836593082
1438,Linalee,0.147401341802,0.519585930454
419,Dan,0.0061041967292,0.585481301106
519,Nhazkal,0.0666666666667,0.490277777778
6733,Fay,0.121626181567,0.464540664747
2378,GuavaDrunk,0.0714741623711,0.39527758048
1382,scrith,0.0,0.0
1009,crazedrat,0.0615967531971,0.421262164436
2375,NinjaTim,0.134498757192,0.434716322829
1005,inumbra,0.0831305917053,0.423846287011
2377,Valori,0.0430706711487,0.460518599392
515,Apollonian,0.0967116244646,0.386831774376
1001,elle,0.199873994158,0.291171094209
1348,dinki,0.185157506411,0.455735811153
8502,Qorche,0.0648076923077,0.67108974359
625,raisonpure,0.0595112082646,0.519135846908
624,Danielle,0.0782352716354,0.507048047142
450,wym123,0.0524609045437,0.493536909095
1341,Ali,0.0923047099933,0.392750939485
2598,Roro,0.100665480137,0.437143734258
2018,chip,0.0994387588326,0.489579674205
1228,Markuz,0.0298629211208,0.45433021137
1876,sivuelas,-0.24375,0.65
5662,Strangelove,0.0,0.1
1874,nilv,0.150546009663,0.524861692107
1875,anou,0.0649981268731,0.241853937729
1873,Timeless,0.0810913992579,0.313181007053
1871,Scapegrace,0.0554486123228,0.458027531119
600,pezzonovante,0.239285811751,0.532985931123
176,Scrummy,0.0801475339324,0.311015113545
175,mr_maguoo,0.193395833333,0.373916666667
7859,hatesyardwork,-0.0036466642925,0.454142344153
172,MySaviour,0.0834860820475,0.42835424446
171,1981slater,0.0694130529143,0.356696162901
170,Mist,0.14538259385,0.374656877708
977,aka-kitsune,0.0863344160519,0.479507057194
975,mu4,0.0965428174876,0.441045748608
973,Elf,0.127182539683,0.484325396825
1081,HeavyMetal,0.0834920634921,0.429920634921
970,Warlord,0.0878574622226,0.427350823545
2059,Saoshyant,0.0466336943054,0.362362976373
6285,Estel,0.5,0.5
180,ragnar,0.0932188998929,0.387851311078
979,liveandletlive,0.119649985195,0.452322709224
978,JRiddy,0.0786363778917,0.432377824379
182,Heimdallr,0.0842252533234,0.42136574643
6987,gzaw,0.0557692307692,0.713034188034
1500,Teddybeanz,0.5,0.6
655,Blaze,0.165610289528,0.455070906832
650,Lex,0.063125,0.574583333333
1505,eddikens,0.357891414141,0.614267676768
1353,Melix,0.0800595238095,0.348483560091
2112,blankblank,0.099409648475,0.433589001134
2113,Sauwelios,-0.0113636363636,0.723787878788
2116,Kyon,-0.00431121166415,0.528362242333
2621,cassann,0.4,0.633333333333
184,Elizabeth,0.0465551690049,0.403017828926
2628,Kill4Me,0.0404662141699,0.351795876383
5890,Mega,0.0943452444905,0.442579034737
7506,Jeremy8419,0.0879518729965,0.408893794056
8478,Alioth,-0.0160005668934,0.455598072562
5899,InAFishbowl,0.106762820513,0.493942307692
3282,Dionysus,0.0886264186956,0.53997867863
1917,hedgehog,-0.184134615385,0.676930708181
2124,piiiiiiip,-0.15,0.8
869,snp7901,0.0,0.0
868,TangoxOfxSin,0.0288119288119,0.390326736755
12,metaiwan,0.089013930113,0.42509028483
8189,Ghost,0.0992246840094,0.387966002504
14,Topaz,0.0940785529914,0.468881857983
16,discourse,0.149693257895,0.463613984899
19,Hush,0.0875,0.572222222222
860,redbaron,0.141612951438,0.443129911652
8186,Danali,0.00143651529306,0.462922833972
2025,systm919,0.0,0.4
6252,ENTJ8w7sxso,-0.3125,0.6875
6381,ryoka14,0.0776048288637,0.446305385734
7401,oldwhiskey,0.250053535354,0.471417503118
7403,withoutd0ubt,0.0178199404762,0.593005952381
883,astralsilky,0.157186263126,0.45183671841
1602,bluesballsbobs,0.0910968137255,0.538864379085
887,confusedasianboy,0.219047619048,0.340476190476
886,zenbrat,0.120310390754,0.478100606766
885,tempral,0.0739609053498,0.35091563786
3903,davez,0.0507962009255,0.449169783494
942,Dee,0.0,0.0
6382,gograb,0.44,0.53
2087,Begoner,0.10070559264,0.502067050211
45,false,0.198187780584,0.512704926247
389,mpn,0.0571428571429,0.561904761905
3222,7154413,0.3125,0.55
6748,mercer,0.0694813649892,0.201209641053
7324,Lim,0.100697412967,0.449784406931
3236,nickelslick,0.0342803030303,0.354545454545
57,pan,-0.024574829932,0.575085034014
1618,VixenDogFox,0.0550024801587,0.449711061508
1619,them,0.0307718082182,0.379326375785
5195,lagerdemon,0.0700056617765,0.464401054193
5197,kraut,0.0875,0.85
1615,Azeroffs,0.0878560586987,0.459836821759
1960,reclaimpower,0.19699120838,0.525423614451
1961,shorebreaker,0.198073416483,0.44861474174
4006,HollyGolightly,0.0,0.0
1611,Theta,0.111364611504,0.478822875494
322,joegeo2006,0.109448979592,0.448640117158
323,Louise,0.120213662069,0.413941717639
320,sigma,0.151579574289,0.465202285587
321,mike_INTJ,0.105677271862,0.489710199336
326,worstever6,0.0534722222222,0.277777777778
324,ENFperator,0.0654880952381,0.446738095238
325,Republicus,0.094475085051,0.388985186833
5803,Phantom,0.0895349827641,0.417710838544
328,Minde,0.130327225098,0.463078543687
2251,nala,0.0473134920635,0.489919312169
5805,nefnaf,0.120931021525,0.492819608595
775,Drommel,0.136262348762,0.364545177045
776,ncassidy,0.121870120014,0.458056456333
771,idealistichick,0.175,0.334538690476
207,Olga,0.114797239775,0.485362867971
772,Snakeingrass,0.0964598718275,0.449218285799
77,taz,0.169338940546,0.474862469266
73,Transigent,0.00370687453459,0.017738153023
71,Sarah,0.0603542715423,0.42446090503
70,Slava,0.0907611285099,0.463909035815
112,omrat,0.0818181818182,0.345454545455
7664,Andreas,0.0,0.0
2975,Esaman,0.053988412653,0.499859016559
4714,Eureka,0.0875502224411,0.388893827082
2238,aixelsyd,0.0801698995335,0.325502892236
9,Bear,0.0172632439088,0.504954933464
3987,Introspector,0.200568181818,0.365227272727
1047,Sponyonye,0.0994512432012,0.424264624265
2300,uniden,0.113682975743,0.491831026371
2237,ZAMPA,0.103472222222,0.339583333333
6135,STARWRS789,0.0591397849462,0.502726574501
5933,sweetgingerpeach,0.0891778925807,0.538607614094
1763,Crispy,0.0815594205136,0.423549294538
1765,Suz,0.13610956021,0.453570188993
1268,macysmama,0.120755243462,0.437123069603
8628,Milo,0.100578703704,0.613541666667
669,eliphalet,0.0477777777778,0.379444444444
1263,Sirena,0.126935799605,0.42143820268
8626,Slimpack,0.180263157895,0.594674185464
2659,FoxOnStilts,0.108883070541,0.387896944122
661,THELurker,0.347619047619,0.357142857143
8151,AlexV,0.0766666666667,0.476666666667
2095,protoss,0.155718253968,0.452923382173
1221,Jane_Eyre,0.110489682275,0.488690286526
2091,ladyinred,0.119808339876,0.420520544815
5508,Reficulris,0.0992494672843,0.51256583987
5504,Schmoo,0.201111111111,0.597222222222
2098,Calvinist777,-0.0148717948718,0.338173076923
3652,zomgqwantz,0.0992424242424,0.34797979798
5176,Within,0.119913419913,0.306412337662
692,Grek0,0.0739860885173,0.493547341708
693,Mea,0.0791549401159,0.450830480914
2527,Radio,0.0798284539179,0.416923437124
696,zillah,0.184985902256,0.606704260652
2212,scissors,0.117882771164,0.614226190476
694,Subteigh,0.0732395332028,0.423802224231
526,InfiniteAcres,0.171598639456,0.462925170068
7615,niffer,0.163604010201,0.497326237859
2383,ClaudiaM,0.0775942279942,0.453693335853
5107,BrennanWayne,0.296666666667,0.576785714286
527,timeofurlife42,0.143925301939,0.624223550784
547,Idio,0.06875,0.401488095238
545,eunice,0.0997464609271,0.415310034792
1018,EMCastle,0.075765458821,0.509123109401
2247,d1ffe7,0.123444145554,0.426771838116
2240,entj,0.204166666667,0.639501633987
2243,itdoesntmatter,0.168888888889,0.330888888889
2464,FlakeySnowballer,0.0743707482993,0.432261904762
7566,dragoned,0.145833333333,0.442824074074
1315,pinkcanary,0.331597222222,0.366875
8432,Shiver,0.0129173655965,0.363631549119
1312,Nexus,0.143887821265,0.43400851064
2463,moredhel,0.0491414141414,0.521717171717
2705,LauriesCrusador,0.204739858907,0.462687389771
5147,InvisibleHim,-0.165947916667,0.740944444444
258,ESTP,0.0805580357143,0.466129712302
999,Bardia,0.113120764463,0.493532408654
998,shakealittle,0.20921718604,0.527321424952
1319,omega_weapon85,0.0569602272727,0.317297979798
5141,DaftPunk,0.100404419463,0.490052197454
121,HarryBottom,0.133386879203,0.450913157663
122,Scarecrow,0.136512824642,0.405137699261
123,cjcoldmine,-0.266666666667,0.279487179487
7966,YXPR,0.0522523351648,0.293749954212
126,Jockl,0.182252435065,0.56721993747
127,IcEPiCk,0.0922471845699,0.490663712876
2217,stray,0.112293289055,0.503011001292
5199,superunknown,0.08,0.234285714286
8535,replica,0.2225,0.689444444444
2216,Variant,0.141393101938,0.512763321995
5619,nousername123,0.187447916667,0.448431712963
1345,Plumpkin,0.0,0.0
5598,Ananke,0.125377336639,0.46170158013
5610,Soupman,0.0830558111571,0.415484709069
5343,ShadoW805,0.0165942104021,0.405814455178
1821,MatthewZ,0.0818657994446,0.376492184206
5742,13iokenesis,0.169702842377,0.493669250646
1822,HaveANiceLife,0.175,0.7125
2147,CloudCuckooLander,0.101989521329,0.520658127834
130,beetle,0.333333333333,0.688888888889
410,Functianalyst,0.0953724346641,0.519179416043
6317,JoetrenTheCacti,0.120378151261,0.33429038282
412,Dioklecian,0.0804148215284,0.339771247198
18,Pearl80,0.039247994877,0.500590450995
4974,lukasthere,0.0744233690286,0.498707944103
2061,Quaris,0.0307262705886,0.393852355306
6250,Rhaegar,0.139177179422,0.485312792763
6256,Emmym,0.0933225330687,0.461233902117
2149,pianosinger,0.10277996877,0.430878152791
136,Rocky,0.0814405164834,0.40537008453
3825,Oaky,-0.0660289115646,0.410196995465
5396,Wallon,-0.554166666667,1.0
5394,EpicKalypze,0.0906415451282,0.442845289631
313,nonoiseplease,0.0592261904762,0.230017006803
312,Trollhammaren,0.0574955908289,0.639074955908
311,Zeia,0.089624791589,0.356491177162
316,Stormy,0.0851210390142,0.351458150159
314,tcaudilllg,0.0735252302852,0.429286256113
3276,Aivonaima,0.0367155765625,0.288879965729
1922,mikesilb,0.125416944188,0.411851640972
1923,Fabelie,0.0305555555556,0.642592592593
1925,norph,0.00359525291413,0.383380949172
1926,Akcelik,0.0,0.0
1927,sarahcoles,0.220486111111,0.469444444444
8326,JoshuaHilderberg,0.0136111111111,0.399097222222
496,Light_Keeper,0.0892765076359,0.519006940687
7246,Person,0.143096611046,0.436346876243
830,loudlurker,0.0,0.0
8546,nekobolas,-0.210714285714,0.557142857143
837,Ablack,0.0728846153846,0.308594017094
1459,Tom,0.109751479956,0.446229427097
839,intjguy,0.109933936196,0.433944970518
3479,babybow,-1.0,1.0
3,MysticSonic,0.0658352340656,0.416349956303
368,flower,0.139086543514,0.501667142375
369,ScanDave,0.162640374661,0.510471171583
366,jewels,0.132972331384,0.523949412832
367,Kegan,0.395833333333,0.545833333333
364,Tepa,0.0240846045489,0.565218947087
365,ChristiRB,0.070508302005,0.571385494987
4498,epheme,0.1379283257,0.441947934312
1775,Wintermute,0.0653439153439,0.498941798942
7971,Avigail,0.4,0.4
2449,splash,-0.133333333333,0.354761904762
25,IceQueen,0.5,0.433333333333
255,Extrovert,0.25,0.5
2935,senza,0.198050377202,0.561166047081
26,Extravaganza,0.35,0.4
1679,12345,-0.0166666666667,0.618518518519
1239,shiny_bubbles,0.183504273504,0.489188034188
382,idiotmanattacks,0.0214285714286,0.239285714286
383,UDP,0.115268900795,0.406113207282
384,StaceyR,0.15625,0.534821428571
445,soggy-flakes,0.0,0.0
386,galadriel,0.0340740740741,0.549074074074
387,anndelise,0.0883794347733,0.441240131939
6176,BurningIce,0.0,0.25
6177,ApertureGrille,-0.0922222222222,0.508888888889
3312,wacey,0.124156458232,0.481077125467
3317,Jason,0.1,0.492592592593
21,abburdlen,0.0918166385131,0.394408313507
1644,Tricky,0.5,0.5
1641,Techtoniks,0.1875,0.691666666667
2229,Elysia,0.0,1.0
782,BLauritson,0.0716459587764,0.462198845415
783,Eldanen,0.154282418483,0.4541200747
2356,eSDe,0.31875,0.73125
1724,CheGuevara,0.0598213461885,0.449880111208
1835,jaZ,0.4,0.4
1649,MrMoney,0.7,0.6
1723,squark,0.0986903049922,0.450927012427
4059,pmj,0.228008264463,0.490376033058
2357,Dajjal,-0.0150276806527,0.452097902098
109,Robbo,0.3125,0.25
2512,fork,0.0,0.0
5874,ENJoymENT,0.16194620179,0.511472991089
5374,akjohnny,0.122184862096,0.384095395345
5878,Kupava,0.255588624339,0.533019179894
1743,OrangeAppled,0.132407407407,0.432943469786
2329,voiliov,0.08125,0.503472222222
6495,ae1905,0.0252827699189,0.408027811265
2299,Nomenclature,0.215987554113,0.510675505051
2226,helvetica,0.114115646259,0.526927437642
549,intpinternational,0.125,0.45
2292,Arcanum,0.0402193627305,0.446866186063
571,oyburger,0.0570637747056,0.371701307235
2297,SportsFan,0.182531415344,0.557600732601
2296,Tanzhe,0.0563952971667,0.443252680341
2295,nobrainer,0.0799227131004,0.410611767333
3756,sicklittlepuppy,0.188523809524,0.331904761905
60,ayoforjager,0.0134383231407,0.0400086007467
61,heath,0.0755833603183,0.476866795026
2192,yellow82,0.0477481971452,0.570034427452
63,drake,0.0525019274049,0.481033235229
64,diamond,0.146929902447,0.459418440617
7655,Opia,0.25,0.6
66,stefana,0.0178125779266,0.182980961077
67,XcaliburGirl,0.0444171803936,0.431917909558
68,lefty,0.0273546406953,0.450199285722
3167,Kald,0.0653698979592,0.248465136054
256,xiuxiu,0.0706155332503,0.251299762329
254,Poose,0.147922360328,0.482872146793
2805,tejing,0.154107884849,0.432590057333
1421,jughead,0.0567802343288,0.446179274702
407,Pawnatron,0.292226430976,0.503571127946
5430,PlacentaCake,0.0929147037603,0.160433466316
1424,malkavian,0.0,0.0
1427,MissMurder,0.0,0.0
2209,twizzlestix,0.173056997624,0.350381486394
1163,shaun,-0.3125,0.6875
2566,Youngian,0.123501052989,0.477802673899
159,Gronau,0.0837072649573,0.262067880037
1038,Ritella,0.108295558013,0.460862097207
732,napalm,0.020979337021,0.375386877783
2369,yaneks,0.148333333333,0.457904761905
2365,noid,0.105903900577,0.474862652801
8120,Bane,0.0501004947434,0.173392084106
502,pesto,0.115043919814,0.433510317807
2362,Nico1e,0.0557421169763,0.491569214835
2403,strrrng,0.140363412595,0.454774452186
1212,Brilliand,0.0830322994451,0.424423507323
2429,Anglas,0.0609949133068,0.294233637314
8107,bricktop,0.0944444444444,0.6
888,Muffinstein,0.117817460317,0.493973922902
468,rhodell,0.1,0.1
636,Newbie,0.170159313725,0.486192810458
903,Ezra,0.119507041144,0.447223856896
465,AQ,0.204589426777,0.551472878973
1352,smccosker,0.0197006623026,0.544644065278
8064,seriousguy,0.0626502405842,0.393869264816
39,Maestro,0.151483611895,0.512082225397
608,dreikin,0.123891612254,0.391142276284
1848,SenoritaC,-0.028125,0.319375
2701,Alfie,0.0880952380952,0.547619047619
8265,LII,0.136666666667,0.405555555556
6952,Nymeria,0.147938597084,0.378811986925
167,dudeins,0.204752293943,0.519389737459
6955,Avalonia,0.0793921356421,0.336143428331
6274,shadowbox,0.0617182273011,0.515590560692
964,athenian200,0.175391323954,0.495888628347
3688,kantripdj,0.131568821043,0.445012647962
1643,smilodon,0.0111243919611,0.511309097116
962,remo,0.120833333333,0.35625
2894,Nerosika,0.0,0.0
968,PotatoSpirit,0.138785012367,0.504996378976
1671,creger,0.151111111111,0.492395833333
1107,hellothere,0.13687333637,0.411454115106
6196,weirdleftovers,0.133750820889,0.546270325273
1457,joseph,0.0357142857143,0.35
8664,Verbrannte,0.118081948489,0.46061013598
1672,doesntmatter,0.0,0.0
6192,Noesis,-0.00857142857143,0.411666666667
1101,Supremacist,0.0874670731268,0.39134454182
2778,Timmy,0.117040353445,0.433590280615
1516,Neverend,0.0,0.0
8584,TheHiddenJack,0.108602667702,0.455007096212
1108,tereg,0.057774651228,0.289549682588
2732,Rim,0.126403472222,0.488108594877
1610,surrogatestrrrng,0.189705882353,0.452450980392
2635,Uncertainty,0.0113732993197,0.411685090703
3866,FZR,0.75,0.45
3865,bolong,0.0871759411485,0.433215453573
3534,soapofsappho,0.121771869606,0.418274295829
2418,sar,0.122854898136,0.511286373918
5054,theticalanti,0.0177900927901,0.0697328197328
34,indigoroom,0.0717259854997,0.30689982485
6069,Aeroscorp,-0.0322398088023,0.506017766955
6556,Suburbanite,0.2,0.55
6557,Wontlythemoonbear,0.194262241934,0.379803727046
1810,shindaiwa21,0.0865674039502,0.368475716991
1811,bobbybeam,0.344473684211,0.631578947368
879,aut0,0.000508240742997,0.450849711377
876,ThePeddler,0.16098814481,0.461063188439
877,posablethumb,0.127895998677,0.262384259259
874,jaja,0.266666666667,0.5
872,James,0.0,0.0
871,speakeasy,0.145372721414,0.461475601151
6222,MaryFrance,0.139722222222,0.54003968254
1155,diljs,0.0840486982672,0.420156988721
2035,travelhobbit,0.166666666667,0.166666666667
6221,yeves,0.0477906254911,0.362379563368
2033,aeon,0.125414602758,0.539940146659
7470,Muddytextures,0.0845165835309,0.464905541542
3188,Ember,0.141666666667,0.631666666667
7779,Chacha,0.0972704631901,0.45122099495
1244,BurntOrange,0.103392690293,0.534773525829
892,ElliseLinette,0.195318984962,0.467531996658
3913,Nevero,0.0816469223732,0.430279100539
895,Darkstar,0.0355649414048,0.438755330795
6190,Dionysius,0.100462992292,0.507152219393
646,KhendraINFJ,0.149359594399,0.365799247049
1099,HollywoodWanderer,0.0823157612278,0.378551067702
5201,Holon,0.0775503284287,0.458371809157
8317,muhtempus,0.0983333333333,0.372222222222
6734,sunny,0.155682848897,0.451154658833
648,oceanlife,0.270652403152,0.516803011803
6345,Xenith,0.290952380952,0.676507936508
6993,Hiraeth,-0.117361111111,0.596527777778
2803,BAoxymoron,0.0319444444444,0.404761904762
985,bendertheoffender,0.2,0.3
6636,Myst,0.128425468906,0.481134625017
1478,foton,0.0,0.0
5834,Aylen,0.097830308825,0.425641626242
435,Newbis,0.0751341540404,0.420130997475
6281,Ulkavaun,0.297868480726,0.648384353741
1979,GallopingQwerty,0.18206261789,0.545333710603
262,P-chan,0.0,0.0
1603,Currere,0.0533444603383,0.477871396289
7323,Shuriken,0.0,0.0
1972,Xenu,0.0,0.0
1606,Singularity,0.10527575598,0.483266125953
357,Kirana,0.114961394957,0.478933453198
356,tempus,0.104449715567,0.429320632396
809,machintruc,0.0601831428469,0.403087128336
354,INTJ,0.0705228122358,0.401419232345
353,Khamelion,0.113470356966,0.464238231968
471,KamaSutra,-0.15,0.475
350,Guru,0.166666666667,0.541666666667
11,Alexis,-0.0495833333333,0.456041666667
908,VatesSaeculum,0.0746212121212,0.222348484848
801,oakey,-0.0686946778711,0.469953470277
800,God,0.0894557823129,0.188775510204
1966,Kaze,0.0757530930608,0.578451064605
805,ataronchronon,0.0608952744166,0.4480769964
1479,MellowMarcello,0.202777777778,0.372222222222
2434,TJourdemayne,-0.05,0.637962962963
214,Titaniumssledgehammer,0.18,0.25
952,JoshuaSamuel,0.125,0.458333333333
2961,strangeling,0.0718964564324,0.417307409539
3611,jdiaz5513,0.114121352004,0.415189087179
1782,OnePiece,0.232142857143,0.309920634921
1787,Sammy,0.234920634921,0.331448412698
5473,BlackholeRoad,0.142273816373,0.540374359399
6088,Persephone,0.0817780201303,0.341237274717
6089,Hacim,0.0944727032705,0.490379214056
7118,Anon,0.175,0.575
2323,Snowy,0.0,0.0
2322,silke,0.110161895648,0.46187593448
2321,Marietta,0.0955328900644,0.488150238647
2320,GrimtheThird,0.143863636364,0.571628787879
5270,applejacks,0.144655808446,0.495566258885
6649,starangel,0.0856770833333,0.58125
1773,Ferzen,0.0625,0.1375
2324,mirrorsoul,0.0645848514911,0.423637809978
1076,plantrootz,0.168594104308,0.44234063996
7276,themightyfetus,0.272,0.512
1074,UnadulteratedAwesome,0.104952380952,0.59669047619
1075,07490,0.146212153065,0.439476229651
1072,Vicki,0.327986291486,0.649624338624
5906,Dutchman,0.147105650302,0.439425205747
4,CuriousSoul,0.120680796235,0.485285023055
1674,LeShay,0.084026678047,0.375138168667
1675,Zola,0.0935208347292,0.485424741591
5908,SophiaDeep,0.0,0.0
1670,lekka,0.2925,0.59
2291,Filambee,0.136258112627,0.450318226208
6497,Misty,0.194323232323,0.563742424242
1673,xkj220,0.142713090894,0.485056092628
3760,Beetlejuice,0.0,0.0
1097,NiiTe,0.0925177715803,0.397534741493
1534,ProcrastinateTomorrow,0.0993853803717,0.463160036779
7809,End,0.0927528845904,0.492208613932
1154,idolatrie,0.0644004090719,0.468032922561
670,somethingsomething,-0.0402590053979,0.402421236171
671,krieger,0.0751512906855,0.425026091514
673,MrCrumbles,0.18244047619,0.621726190476
263,apteryx,0.0,0.0
5518,adrie,-0.05,0.4
261,sunflower,0.125,0.570560185185
333,lotterose,0.109362745098,0.465310457516
1178,istpunk,0.416666666667,0.583333333333
1916,koldj,0.0936591864018,0.433523339134
286,mancroft,0.122645502646,0.368119488536
2505,Phthalate,0.0109425019425,0.449373126873
2550,Leader,0.0707077119616,0.421313393229
59,Cone,0.084500134169,0.428058281238
1554,Microknight,0.067509224881,0.476790697218
55,Waddlesworth,0.119799828768,0.482145026048
2559,Taknamay,0.0759505788638,0.452109294244
3036,HandiAce,0.137058961245,0.487980700337
56,flyby,0.208333333333,0.484523809524
3030,adambrown,0.25,0.233333333333
50,Typhon,0.0909054239243,0.405183364727
7601,leakingdreams,0.110064935065,0.288870851371
2496,RoadPaveMent,0.00416666666667,0.417708333333
2397,willekeurig,0.0603194083604,0.406819733292
2392,lemontrees,0.104848427821,0.496253760728
1218,lastdance,0.0416666666667,0.433333333333
6393,ouronis,0.0464193285953,0.438808983244
7897,spritelite,0.0188731060606,0.434954279902
1413,Trevor,0.064035913131,0.327544666649
2253,ozone,0.0,0.0
2493,questor,0.104166666667,0.329166666667
7890,jaein,0.211604090354,0.393696581197
2399,DividedsGhost,0.0878653079859,0.421777631928
2477,Hemoglobin,0.0,0.0
2475,fen,0.0855434579863,0.390375583685
2472,Yaaroslav,0.0966043856098,0.385227574223
5016,Zenoa,0.144151809335,0.324273030045
5151,RedBeard,0.114589300006,0.557498388244
1328,Sol,0.0794572305593,0.425154187664
5155,inacucumber,0.8,0.75
2775,rowdyness,-0.25,0.1
2479,bionic,0.087955026455,0.45391005291
7602,rien,0.117617188367,0.570099483849
2198,Oxymoron,0.137239583333,0.620535714286
8138,Chryssie,0.0848475933788,0.432017110205
69,baydog,0.162571810542,0.515897582265
52,hock0526,0.616666666667,0.75
7878,Simo,0.173837989885,0.480249160611
7973,totalize,0.14736961119,0.561556379724
7972,Flutterfly,0.0384615384615,0.566025641026
647,The_Ghost,0.0,0.0
6260,nil,0.105745915757,0.35238771071
921,mooveefone,0.141600529101,0.686549508692
1850,Dionysis,0.116666666667,0.233333333333
4416,sindri,0.11282443073,0.391237355822
1852,xixi,0.0911529307375,0.499149052993
4414,LeaT,0.0918536324786,0.329273504274
2788,chrisalys,0.120366449674,0.360395391003
953,Sentineneve,0.0,0.0
1524,pluie,0.173031428974,0.460328995546
428,reyn_til_runa,0.0795819708611,0.4392818935
6066,Becca,0.132081082996,0.474053179742
1520,dangerbird,0.018253968254,0.265873015873
1253,dbmmama,0.160779591538,0.441066911189
2174,EyeSeeCold,0.0904646650828,0.381802677736
2641,Pescadores,-0.062739222583,0.528009559885
2073,plotter,0.110229412507,0.441329590365
420,vague,0.0376918544836,0.109325517418
917,Hitta,0.0513631216126,0.415051647445
7796,noyo,0.0,0.0
2077,ilikesex,0.130527065527,0.391792836793
424,misutii,0.131286924491,0.488267211711
1391,Travis,0.0,0.0
912,confused84,0.0632037304287,0.416698694101
308,Slacker,0.105627887889,0.474990227882
2200,limNol,0.0967258244271,0.541922815847
2606,Lubingo,0.0,0.0
2607,n0ki,0.0430107990861,0.308606446626
300,universal,0.0191054798072,0.536802380153
301,jessica129,0.0740251874466,0.458547158935
530,Animal,0.0868386393952,0.444062473674
304,Stazy,-0.15625,0.59375
305,redskye,0.277136752137,0.695512820513
306,ENFPaaron,0.176530612245,0.689115646259
307,Park,0.0836186866915,0.382157883919
1933,meals,0.158078724422,0.487247520714
857,KSpin,0.0237763790603,0.383090103027
8453,chronos,0.119047619048,0.561904761905
8352,Gypsy,0.262261904762,0.537721560847
8357,handjob,0.0706168160213,0.369095395081
6424,yifflord,0.162175245098,0.377506127451
846,rockclimber,0.149037863178,0.402761670838
5699,Ypiret,0.203571428571,0.556746031746
843,MisterNi,0.157255420375,0.461789538964
1414,suoko,0.0598916740609,0.313396591245
5085,ThatOneWeirdGuy,0.0,0.0
147,Satan,0.0372632143225,0.374114077131
7423,Scientist,0.396428571429,0.492857142857
2398,daffy,0.123333333333,0.314814814815
538,DadaDodo,-0.208333333333,0.50462962963
8035,Neneth,0.142401094276,0.353715728716
488,emeye,0.0562941398879,0.374273371305
2925,DearestIsobel,0.233333333333,0.2
2900,lifebegins,0.125,0.5
5335,Olduvai,0.0867859841998,0.457626282896
5337,ideae,0.0,0.0
6850,lapa83,0.0725209319207,0.349929539177
1517,buckland,0.0287986361282,0.418337246167
1634,Erk,-0.00454707792208,0.524085802219
5350,psili,0.066130952381,0.456994047619
1636,beeyouteafull,0.0,0.0
1637,Anelly,0.2,0.491666666667
1733,parcel,0.0984645909646,0.318777981278
733,strawman,0.0,0.0
1989,Graham,0.8,0.7
5869,darya,0.077975809824,0.475143502003
5783,rougerogue,0.0747285353535,0.248077651515
536,Spiral,0.0,0.0
1166,Elena,0.153856307326,0.428027763265
3601,VeryVeryBigFish,0.0,0.0
707,mustachio,0.0841545436369,0.471582448435
601,Ch4r,0.081589514071,0.379986827445
361,ILENTp,-0.00205592105263,0.00493421052632
758,normal,0.114080141047,0.425245184983
564,thehotelambush,0.126092942108,0.442933331967
2332,Snorkle,0.05,0.243333333333
566,Steve,0.137438077192,0.42752359068
567,NekoBus,0.0872222222222,0.173194444444
1595,IEI,0.0868410035731,0.498772340754
3178,socion,0.0376082251082,0.683495670996
3072,jonkopa,0.0,0.0
3073,Mechman,0.0604504858305,0.379624558417
7647,metal89,0.331111111111,0.409444444444
5157,ieist,0.126820500928,0.636855078206
1385,MockTurtle,0.274210526316,0.562046783626
224,snowyc,0.0946586490641,0.427447002806
2951,inconnu,0.0714340277778,0.291215277778
1025,betterthandead,0.0,0.0
1024,glam,0.118723792077,0.396661952037
6118,chemical,0.143769593151,0.471561635878
5341,Waster,0.147838589362,0.368941178902
7086,QuickTwist,0.17212037962,0.454726578977
1186,akeaneau,0.07661423244,0.385771079681
1182,svetys,0.242202380952,0.439702380952
6112,mfckr,0.0724300188313,0.363270180985
2681,groogishgreegygrag,0.173295454545,0.345535714286
724,Suomea,0.0919427135875,0.27575776628
723,INTJ(5),0.0,0.0
2683,ORION,0.19085847654,0.474576719577
1740,Default,0.0951182559394,0.402324991333
54,LevKamensky,0.0817613098313,0.388510334947
2358,ThickRichard,0.5,0.5
2355,Squishy,-0.208333333333,0.433333333333
151,stevENTj,0.112712812796,0.433296853262
1165,Charismatik,0.0874019204943,0.502414000965
8172,Thelema,0.08125,0.3125
1167,anon50557,0.0264111984507,0.290090203413
1160,theMime,0.0882685156554,0.398107510561
1208,Rubicon,0.131069013398,0.437079180972
157,TheUselessBrain,0.181006493506,0.488852813853
2586,Atlast,0.0957103108286,0.420709599415
8071,wcp,0.110714285714,0.451785714286
7938,Antennae,0.0333333333333,0.0666666666667
1206,Chocolate,0.208333333333,0.475
609,Logos,0.071671884262,0.40617355087
632,Polly,0.145934220269,0.475919524185
1844,Aiss,0.0881914257653,0.44534614736
83,Kreatuv,0.081622552832,0.493160717149
1443,LlywelynapGruffydd,0.2,0.2
1890,Skeptic,0.0638714162035,0.498885578568
5644,kadda1212,0.10549755748,0.470336234099
1892,Solidad,0.177206479032,0.441069331835
87,andris,-0.00833333333333,0.1125
959,LokiVanguard,0.0579652645275,0.396691856245
2002,atropos,0.0,0.0
1408,Errant,0.12694415689,0.438490445997
2132,Jenna,0.0183353726729,0.484988611821
48,Labyrinth,-0.128174550518,0.591612092101
6349,role,0.14255952381,0.223735119048
119,fairgeek,-0.0355821219247,0.447478399515
44,SFVB,0.0572010140979,0.514565147123
2580,gooey,0.186001314063,0.407505417022
955,jcavosr,0.125,0.508333333333
41,Jimbean,0.12160794836,0.400805408625
1110,unefille,0.0597359167857,0.425583702742
1445,Skyline,0.166666666667,0.466666666667
1112,kabure,0.124404761905,0.523214285714
6183,Limitless,0.17828176727,0.465254316833
84,Lee,-0.0306689342404,0.197845804989
1116,Ver,0.122988119023,0.467620032394
1292,jason_m,0.11057467233,0.46417531715
6022,IBTL,0.102427330581,0.366992583272
2502,Saberstorm,0.101522437215,0.407179914292
1294,Brentano,0.0513374485597,0.270576131687
1448,sarinana,0.0709943321,0.336979889761
2727,LostinTime,0.154664351852,0.514166666667
996,EllaC,0.0937774694668,0.504646460566
781,Lookin4theBestNU,0.155518766534,0.542301587302
2004,neverthesame,0.101821538801,0.539588844797
8395,Sandoval,0.131046557773,0.468694454499
2425,RandomSequence,0.330952380952,0.244285714286
8553,hag,0.0300225322987,0.531111272502
1688,DJB28,0.0,0.0
5731,xudeng,0.0,0.0
7943,SongOfSapphire,0.127353715695,0.543526717148
2422,mundaneday,0.439828431373,0.61887254902
482,crazymaisy,0.138925956213,0.454537157265
1804,ISTj,0.226851851852,0.326851851852
6544,phizzog,0.112974920008,0.401131858178
1801,Spiro,-0.219394173214,0.470231978348
590,DrDevin,0.307777777778,0.6
6463,Quinky,0.443452380952,0.597619047619
6467,Annihilation,-0.186752136752,0.496481036325
472,Nessy,0.0586427736935,0.466446941004
2301,Cirnech,0.069289650473,0.433173011865
3195,BreeZ,0.183078703704,0.404974371693
4995,rubicube,0.0,0.5
476,Jonathan,0.123247964478,0.491233155841
2007,gobearcats,0.164093915344,0.333053106016
474,Phaedrus,0.0823095596001,0.485636579435
3190,Finale,0.0660403632248,0.410831762986
1865,Demoniselle,0.0510802469136,0.587551440329
6237,WolfgangsMirror,0.25119047619,0.491931216931
2009,lagunaloire11,0.0413675267283,0.394469196839
6231,DollPart,0.0958333333333,0.3625
539,Outside,-0.154861111111,0.555753968254
